G3dErrFileVersion 2018P3.1
FlagFileMetaData Begin
   Mesh Size - Setup1, Refinement, Pass #1, Freq. 1.000000e+10 :Title    
   Listing of mesh elements with small segments. :ToolTip  
   hf3d :Author   
   1744925364 :TimeStamp
FlagFileMetaData End
BEGIN_ERR 
26 Small mesh segment detected on body : Box2
 Small mesh segment detected on body : Box2 
 Segment Statistics - Number of Segments : 1 --- Segment length(s) : 0.005385mm. The cutoff frequency for S-Matrix Only Solve is 14.9896229MHz 
1 -1  # nfids, fids[]
1 34  # nbids, bids[]
      8 0 1 0 #ntets ntri ned npts
           7.0625000000000004e-01   7.0625000000000004e-01   1.7499999999999998e-02 #xyz tv0
           0.0000000000000000e+00   0.0000000000000000e+00   1.7499999999999998e-02 #xyz tv1
          -1.7080093599480178e-17  -1.7080067065438442e-17   1.2115347171441099e-02 #xyz tv2
           0.0000000000000000e+00   1.4125000000000001e+00   1.7499999999999998e-02 -1 34 #xyz tv3 fid bid
           7.0625000000000004e-01   7.0625000000000004e-01   1.7499999999999998e-02 #xyz tv0
          -1.7080093599480178e-17  -1.7080067065438442e-17   1.2115347171441099e-02 #xyz tv1
           0.0000000000000000e+00   0.0000000000000000e+00   1.7499999999999998e-02 #xyz tv2
           1.4125000000000001e+00   0.0000000000000000e+00   1.7499999999999998e-02 -1 34 #xyz tv3 fid bid
          -7.0625000000000004e-01   7.0625000000000004e-01   1.7499999999999998e-02 #xyz tv0
          -1.7080093599480178e-17  -1.7080067065438442e-17   1.2115347171441099e-02 #xyz tv1
           0.0000000000000000e+00   0.0000000000000000e+00   1.7499999999999998e-02 #xyz tv2
           0.0000000000000000e+00   1.4125000000000001e+00   1.7499999999999998e-02 -1 34 #xyz tv3 fid bid
           7.0625000000000004e-01  -7.0625000000000004e-01   1.7499999999999998e-02 #xyz tv0
           0.0000000000000000e+00   0.0000000000000000e+00   1.7499999999999998e-02 #xyz tv1
          -1.7080093599480178e-17  -1.7080067065438442e-17   1.2115347171441099e-02 #xyz tv2
           1.4125000000000001e+00   0.0000000000000000e+00   1.7499999999999998e-02 -1 34 #xyz tv3 fid bid
          -7.0625000000000004e-01   7.0625000000000004e-01   1.7499999999999998e-02 #xyz tv0
           0.0000000000000000e+00   0.0000000000000000e+00   1.7499999999999998e-02 #xyz tv1
          -1.7080093599480178e-17  -1.7080067065438442e-17   1.2115347171441099e-02 #xyz tv2
          -1.4125000000000001e+00   0.0000000000000000e+00   1.7499999999999998e-02 -1 34 #xyz tv3 fid bid
           7.0625000000000004e-01  -7.0625000000000004e-01   1.7499999999999998e-02 #xyz tv0
          -1.7080093599480178e-17  -1.7080067065438442e-17   1.2115347171441099e-02 #xyz tv1
           0.0000000000000000e+00   0.0000000000000000e+00   1.7499999999999998e-02 #xyz tv2
           0.0000000000000000e+00  -1.4125000000000001e+00   1.7499999999999998e-02 -1 34 #xyz tv3 fid bid
          -7.0625000000000004e-01  -7.0625000000000004e-01   1.7499999999999998e-02 #xyz tv0
          -1.7080093599480178e-17  -1.7080067065438442e-17   1.2115347171441099e-02 #xyz tv1
           0.0000000000000000e+00   0.0000000000000000e+00   1.7499999999999998e-02 #xyz tv2
          -1.4125000000000001e+00   0.0000000000000000e+00   1.7499999999999998e-02 -1 34 #xyz tv3 fid bid
          -7.0625000000000004e-01  -7.0625000000000004e-01   1.7499999999999998e-02 #xyz tv0
           0.0000000000000000e+00   0.0000000000000000e+00   1.7499999999999998e-02 #xyz tv1
          -1.7080093599480178e-17  -1.7080067065438442e-17   1.2115347171441099e-02 #xyz tv2
           0.0000000000000000e+00  -1.4125000000000001e+00   1.7499999999999998e-02 -1 34 #xyz tv3 fid bid
           0.0000000000000000e+00   0.0000000000000000e+00   1.7499999999999998e-02 #xyz ev0
          -1.7080093599480178e-17  -1.7080067065438442e-17   1.2115347171441099e-02 -1 34 #xyz ev1 fid bid
   0   0.000000000000e+00   0.000000000000e+00   0.000000000000e+00 #flag location
END_ERR 
G3dErrFileVersion 2018P3.1
FlagFileMetaData Begin
   Mesh Size - Setup1, Refinement, Pass #2, Freq. 1.000000e+10 :Title    
   Listing of mesh elements with small segments. :ToolTip  
   hf3d :Author   
   1744925366 :TimeStamp
FlagFileMetaData End
BEGIN_ERR 
26 Small mesh segment detected on body : Box2
 Small mesh segment detected on body : Box2 
 Segment Statistics - Number of Segments : 1 --- Segment length(s) : 0.005385mm. The cutoff frequency for S-Matrix Only Solve is 14.9896229MHz 
1 -1  # nfids, fids[]
1 34  # nbids, bids[]
      8 0 1 0 #ntets ntri ned npts
           7.0625000000000004e-01   7.0625000000000004e-01   1.7499999999999998e-02 #xyz tv0
           0.0000000000000000e+00   0.0000000000000000e+00   1.7499999999999998e-02 #xyz tv1
          -1.7080223912241295e-17  -1.7080210645220425e-17   1.2115365893412857e-02 #xyz tv2
           0.0000000000000000e+00   1.4125000000000001e+00   1.7499999999999998e-02 -1 34 #xyz tv3 fid bid
           7.0625000000000004e-01   7.0625000000000004e-01   1.7499999999999998e-02 #xyz tv0
          -1.7080223912241295e-17  -1.7080210645220425e-17   1.2115365893412857e-02 #xyz tv1
           0.0000000000000000e+00   0.0000000000000000e+00   1.7499999999999998e-02 #xyz tv2
           1.4125000000000001e+00   0.0000000000000000e+00   1.7499999999999998e-02 -1 34 #xyz tv3 fid bid
          -7.0625000000000004e-01   7.0625000000000004e-01   1.7499999999999998e-02 #xyz tv0
          -1.7080223912241295e-17  -1.7080210645220425e-17   1.2115365893412857e-02 #xyz tv1
           0.0000000000000000e+00   0.0000000000000000e+00   1.7499999999999998e-02 #xyz tv2
           0.0000000000000000e+00   1.4125000000000001e+00   1.7499999999999998e-02 -1 34 #xyz tv3 fid bid
           7.0625000000000004e-01  -7.0625000000000004e-01   1.7499999999999998e-02 #xyz tv0
           0.0000000000000000e+00   0.0000000000000000e+00   1.7499999999999998e-02 #xyz tv1
          -1.7080223912241295e-17  -1.7080210645220425e-17   1.2115365893412857e-02 #xyz tv2
           1.4125000000000001e+00   0.0000000000000000e+00   1.7499999999999998e-02 -1 34 #xyz tv3 fid bid
          -7.0625000000000004e-01   7.0625000000000004e-01   1.7499999999999998e-02 #xyz tv0
           0.0000000000000000e+00   0.0000000000000000e+00   1.7499999999999998e-02 #xyz tv1
          -1.7080223912241295e-17  -1.7080210645220425e-17   1.2115365893412857e-02 #xyz tv2
          -1.4125000000000001e+00   0.0000000000000000e+00   1.7499999999999998e-02 -1 34 #xyz tv3 fid bid
           7.0625000000000004e-01  -7.0625000000000004e-01   1.7499999999999998e-02 #xyz tv0
          -1.7080223912241295e-17  -1.7080210645220425e-17   1.2115365893412857e-02 #xyz tv1
           0.0000000000000000e+00   0.0000000000000000e+00   1.7499999999999998e-02 #xyz tv2
           0.0000000000000000e+00  -1.4125000000000001e+00   1.7499999999999998e-02 -1 34 #xyz tv3 fid bid
          -7.0625000000000004e-01  -7.0625000000000004e-01   1.7499999999999998e-02 #xyz tv0
          -1.7080223912241295e-17  -1.7080210645220425e-17   1.2115365893412857e-02 #xyz tv1
           0.0000000000000000e+00   0.0000000000000000e+00   1.7499999999999998e-02 #xyz tv2
          -1.4125000000000001e+00   0.0000000000000000e+00   1.7499999999999998e-02 -1 34 #xyz tv3 fid bid
          -7.0625000000000004e-01  -7.0625000000000004e-01   1.7499999999999998e-02 #xyz tv0
           0.0000000000000000e+00   0.0000000000000000e+00   1.7499999999999998e-02 #xyz tv1
          -1.7080223912241295e-17  -1.7080210645220425e-17   1.2115365893412857e-02 #xyz tv2
           0.0000000000000000e+00  -1.4125000000000001e+00   1.7499999999999998e-02 -1 34 #xyz tv3 fid bid
           0.0000000000000000e+00   0.0000000000000000e+00   1.7499999999999998e-02 #xyz ev0
          -1.7080223912241295e-17  -1.7080210645220425e-17   1.2115365893412857e-02 -1 34 #xyz ev1 fid bid
   0   0.000000000000e+00   0.000000000000e+00   0.000000000000e+00 #flag location
END_ERR 
G3dErrFileVersion 2018P3.1
FlagFileMetaData Begin
   Mesh Size - Setup1, Refinement, Pass #3, Freq. 1.000000e+10 :Title    
   Listing of mesh elements with small segments. :ToolTip  
   hf3d :Author   
   1744925367 :TimeStamp
FlagFileMetaData End
BEGIN_ERR 
26 Small mesh segment detected on body : Box2
 Small mesh segment detected on body : Box2 
 Segment Statistics - Number of Segments : 1 --- Segment length(s) : 0.005385mm. The cutoff frequency for S-Matrix Only Solve is 14.9896229MHz 
1 -1  # nfids, fids[]
1 34  # nbids, bids[]
      8 0 1 0 #ntets ntri ned npts
           7.0625000000000004e-01   7.0625000000000004e-01   1.7499999999999998e-02 #xyz tv0
           0.0000000000000000e+00   0.0000000000000000e+00   1.7499999999999998e-02 #xyz tv1
          -1.7080223912241295e-17  -1.7080210645220425e-17   1.2115365893412857e-02 #xyz tv2
           0.0000000000000000e+00   1.4125000000000001e+00   1.7499999999999998e-02 -1 34 #xyz tv3 fid bid
           7.0625000000000004e-01   7.0625000000000004e-01   1.7499999999999998e-02 #xyz tv0
          -1.7080223912241295e-17  -1.7080210645220425e-17   1.2115365893412857e-02 #xyz tv1
           0.0000000000000000e+00   0.0000000000000000e+00   1.7499999999999998e-02 #xyz tv2
           1.4125000000000001e+00   0.0000000000000000e+00   1.7499999999999998e-02 -1 34 #xyz tv3 fid bid
          -7.0625000000000004e-01   7.0625000000000004e-01   1.7499999999999998e-02 #xyz tv0
          -1.7080223912241295e-17  -1.7080210645220425e-17   1.2115365893412857e-02 #xyz tv1
           0.0000000000000000e+00   0.0000000000000000e+00   1.7499999999999998e-02 #xyz tv2
           0.0000000000000000e+00   1.4125000000000001e+00   1.7499999999999998e-02 -1 34 #xyz tv3 fid bid
           7.0625000000000004e-01  -7.0625000000000004e-01   1.7499999999999998e-02 #xyz tv0
           0.0000000000000000e+00   0.0000000000000000e+00   1.7499999999999998e-02 #xyz tv1
          -1.7080223912241295e-17  -1.7080210645220425e-17   1.2115365893412857e-02 #xyz tv2
           1.4125000000000001e+00   0.0000000000000000e+00   1.7499999999999998e-02 -1 34 #xyz tv3 fid bid
          -7.0625000000000004e-01   7.0625000000000004e-01   1.7499999999999998e-02 #xyz tv0
           0.0000000000000000e+00   0.0000000000000000e+00   1.7499999999999998e-02 #xyz tv1
          -1.7080223912241295e-17  -1.7080210645220425e-17   1.2115365893412857e-02 #xyz tv2
          -1.4125000000000001e+00   0.0000000000000000e+00   1.7499999999999998e-02 -1 34 #xyz tv3 fid bid
           7.0625000000000004e-01  -7.0625000000000004e-01   1.7499999999999998e-02 #xyz tv0
          -1.7080223912241295e-17  -1.7080210645220425e-17   1.2115365893412857e-02 #xyz tv1
           0.0000000000000000e+00   0.0000000000000000e+00   1.7499999999999998e-02 #xyz tv2
           0.0000000000000000e+00  -1.4125000000000001e+00   1.7499999999999998e-02 -1 34 #xyz tv3 fid bid
          -7.0625000000000004e-01  -7.0625000000000004e-01   1.7499999999999998e-02 #xyz tv0
          -1.7080223912241295e-17  -1.7080210645220425e-17   1.2115365893412857e-02 #xyz tv1
           0.0000000000000000e+00   0.0000000000000000e+00   1.7499999999999998e-02 #xyz tv2
          -1.4125000000000001e+00   0.0000000000000000e+00   1.7499999999999998e-02 -1 34 #xyz tv3 fid bid
          -7.0625000000000004e-01  -7.0625000000000004e-01   1.7499999999999998e-02 #xyz tv0
           0.0000000000000000e+00   0.0000000000000000e+00   1.7499999999999998e-02 #xyz tv1
          -1.7080223912241295e-17  -1.7080210645220425e-17   1.2115365893412857e-02 #xyz tv2
           0.0000000000000000e+00  -1.4125000000000001e+00   1.7499999999999998e-02 -1 34 #xyz tv3 fid bid
           0.0000000000000000e+00   0.0000000000000000e+00   1.7499999999999998e-02 #xyz ev0
          -1.7080223912241295e-17  -1.7080210645220425e-17   1.2115365893412857e-02 -1 34 #xyz ev1 fid bid
   0   0.000000000000e+00   0.000000000000e+00   0.000000000000e+00 #flag location
END_ERR 
G3dErrFileVersion 2018P3.1
FlagFileMetaData Begin
   Mesh Size - Setup1, Refinement, Pass #4, Freq. 1.000000e+10 :Title    
   Listing of mesh elements with small segments. :ToolTip  
   hf3d :Author   
   1744925368 :TimeStamp
FlagFileMetaData End
BEGIN_ERR 
26 Small mesh segment detected on body : Box2
 Small mesh segment detected on body : Box2 
 Segment Statistics - Number of Segments : 1 --- Segment length(s) : 0.005385mm. The cutoff frequency for S-Matrix Only Solve is 14.9896229MHz 
1 -1  # nfids, fids[]
1 34  # nbids, bids[]
      8 0 1 0 #ntets ntri ned npts
           7.0625000000000004e-01   0.0000000000000000e+00   1.7499999999999998e-02 #xyz tv0
          -1.7080223912241295e-17  -1.7080210645220425e-17   1.2115365893412857e-02 #xyz tv1
           7.0625000000000004e-01   7.0625000000000004e-01   1.7499999999999998e-02 #xyz tv2
           0.0000000000000000e+00   0.0000000000000000e+00   1.7499999999999998e-02 -1 34 #xyz tv3 fid bid
           7.0625000000000004e-01   7.0625000000000004e-01   1.7499999999999998e-02 #xyz tv0
           0.0000000000000000e+00   0.0000000000000000e+00   1.7499999999999998e-02 #xyz tv1
          -1.7080223912241295e-17  -1.7080210645220425e-17   1.2115365893412857e-02 #xyz tv2
          -1.7656250000000001e-01   1.4125000000000001e+00   1.7499999999999998e-02 -1 34 #xyz tv3 fid bid
           7.0625000000000004e-01   0.0000000000000000e+00   1.7499999999999998e-02 #xyz tv0
           7.0625000000000004e-01  -7.0625000000000004e-01   1.7499999999999998e-02 #xyz tv1
          -1.7080223912241295e-17  -1.7080210645220425e-17   1.2115365893412857e-02 #xyz tv2
           0.0000000000000000e+00   0.0000000000000000e+00   1.7499999999999998e-02 -1 34 #xyz tv3 fid bid
          -7.0625000000000004e-01   7.0625000000000004e-01   1.7499999999999998e-02 #xyz tv0
          -1.7080223912241295e-17  -1.7080210645220425e-17   1.2115365893412857e-02 #xyz tv1
           0.0000000000000000e+00   0.0000000000000000e+00   1.7499999999999998e-02 #xyz tv2
          -1.7656250000000001e-01   1.4125000000000001e+00   1.7499999999999998e-02 -1 34 #xyz tv3 fid bid
           7.0625000000000004e-01  -7.0625000000000004e-01   1.7499999999999998e-02 #xyz tv0
          -1.7080223912241295e-17  -1.7080210645220425e-17   1.2115365893412857e-02 #xyz tv1
           0.0000000000000000e+00   0.0000000000000000e+00   1.7499999999999998e-02 #xyz tv2
           0.0000000000000000e+00  -1.4125000000000001e+00   1.7499999999999998e-02 -1 34 #xyz tv3 fid bid
          -7.0625000000000004e-01   7.0625000000000004e-01   1.7499999999999998e-02 #xyz tv0
           0.0000000000000000e+00   0.0000000000000000e+00   1.7499999999999998e-02 #xyz tv1
          -1.7080223912241295e-17  -1.7080210645220425e-17   1.2115365893412857e-02 #xyz tv2
          -1.4125000000000001e+00  -1.7656250000000001e-01   1.7499999999999998e-02 -1 34 #xyz tv3 fid bid
          -7.0625000000000004e-01  -7.3077256944444446e-01   1.7499999999999998e-02 #xyz tv0
           0.0000000000000000e+00   0.0000000000000000e+00   1.7499999999999998e-02 #xyz tv1
          -1.7080223912241295e-17  -1.7080210645220425e-17   1.2115365893412857e-02 #xyz tv2
           0.0000000000000000e+00  -1.4125000000000001e+00   1.7499999999999998e-02 -1 34 #xyz tv3 fid bid
          -7.0625000000000004e-01  -7.3077256944444446e-01   1.7499999999999998e-02 #xyz tv0
          -1.7080223912241295e-17  -1.7080210645220425e-17   1.2115365893412857e-02 #xyz tv1
           0.0000000000000000e+00   0.0000000000000000e+00   1.7499999999999998e-02 #xyz tv2
          -1.4125000000000001e+00  -1.7656250000000001e-01   1.7499999999999998e-02 -1 34 #xyz tv3 fid bid
           0.0000000000000000e+00   0.0000000000000000e+00   1.7499999999999998e-02 #xyz ev0
          -1.7080223912241295e-17  -1.7080210645220425e-17   1.2115365893412857e-02 -1 34 #xyz ev1 fid bid
   0   0.000000000000e+00   0.000000000000e+00   0.000000000000e+00 #flag location
END_ERR 
G3dErrFileVersion 2018P3.1
FlagFileMetaData Begin
   Mesh Size - Setup1, Refinement, Pass #5, Freq. 1.000000e+10 :Title    
   Listing of mesh elements with small segments. :ToolTip  
   hf3d :Author   
   1744925369 :TimeStamp
FlagFileMetaData End
BEGIN_ERR 
26 Small mesh segment detected on body : Box2
 Small mesh segment detected on body : Box2 
 Segment Statistics - Number of Segments : 1 --- Segment length(s) : 0.005385mm. The cutoff frequency for S-Matrix Only Solve is 14.9896229MHz 
1 -1  # nfids, fids[]
1 34  # nbids, bids[]
      7 0 1 0 #ntets ntri ned npts
           0.0000000000000000e+00  -7.0625000000000004e-01   1.7499999999999998e-02 #xyz tv0
          -7.0625000000000004e-01  -6.5314047228652264e-02   1.7499999999999998e-02 #xyz tv1
          -1.7080223912241295e-17  -1.7080210645220425e-17   1.2115365893412857e-02 #xyz tv2
           0.0000000000000000e+00   0.0000000000000000e+00   1.7499999999999998e-02 -1 34 #xyz tv3 fid bid
          -7.0625000000000004e-01  -6.5314047228652264e-02   1.7499999999999998e-02 #xyz tv0
          -7.0625000000000004e-01   7.0625000000000004e-01   1.7499999999999998e-02 #xyz tv1
          -1.7080223912241295e-17  -1.7080210645220425e-17   1.2115365893412857e-02 #xyz tv2
           0.0000000000000000e+00   0.0000000000000000e+00   1.7499999999999998e-02 -1 34 #xyz tv3 fid bid
           0.0000000000000000e+00  -7.0625000000000004e-01   1.7499999999999998e-02 #xyz tv0
          -1.7080223912241295e-17  -1.7080210645220425e-17   1.2115365893412857e-02 #xyz tv1
           7.0625000000000004e-01  -7.0625000000000004e-01   1.7499999999999998e-02 #xyz tv2
           0.0000000000000000e+00   0.0000000000000000e+00   1.7499999999999998e-02 -1 34 #xyz tv3 fid bid
           1.0667317708333330e-02   7.8472222222222232e-01   1.7499999999999998e-02 #xyz tv0
          -1.7080223912241295e-17  -1.7080210645220425e-17   1.2115365893412857e-02 #xyz tv1
          -7.0625000000000004e-01   7.0625000000000004e-01   1.7499999999999998e-02 #xyz tv2
           0.0000000000000000e+00   0.0000000000000000e+00   1.7499999999999998e-02 -1 34 #xyz tv3 fid bid
           7.0625000000000004e-01   0.0000000000000000e+00   1.7499999999999998e-02 #xyz tv0
           7.0625000000000004e-01  -7.0625000000000004e-01   1.7499999999999998e-02 #xyz tv1
          -1.7080223912241295e-17  -1.7080210645220425e-17   1.2115365893412857e-02 #xyz tv2
           0.0000000000000000e+00   0.0000000000000000e+00   1.7499999999999998e-02 -1 34 #xyz tv3 fid bid
           1.0667317708333330e-02   7.8472222222222232e-01   1.7499999999999998e-02 #xyz tv0
           7.0625000000000004e-01   7.0625000000000004e-01   1.7499999999999998e-02 #xyz tv1
          -1.7080223912241295e-17  -1.7080210645220425e-17   1.2115365893412857e-02 #xyz tv2
           0.0000000000000000e+00   0.0000000000000000e+00   1.7499999999999998e-02 -1 34 #xyz tv3 fid bid
           7.0625000000000004e-01   0.0000000000000000e+00   1.7499999999999998e-02 #xyz tv0
          -1.7080223912241295e-17  -1.7080210645220425e-17   1.2115365893412857e-02 #xyz tv1
           7.0625000000000004e-01   7.0625000000000004e-01   1.7499999999999998e-02 #xyz tv2
           0.0000000000000000e+00   0.0000000000000000e+00   1.7499999999999998e-02 -1 34 #xyz tv3 fid bid
          -1.7080223912241295e-17  -1.7080210645220425e-17   1.2115365893412857e-02 #xyz ev0
           0.0000000000000000e+00   0.0000000000000000e+00   1.7499999999999998e-02 -1 34 #xyz ev1 fid bid
   0   0.000000000000e+00   0.000000000000e+00   0.000000000000e+00 #flag location
END_ERR 
G3dErrFileVersion 2018P3.1
FlagFileMetaData Begin
   Mesh Size - Setup1, Refinement, Pass #6, Freq. 1.000000e+10 :Title    
   Listing of mesh elements with small segments. :ToolTip  
   hf3d :Author   
   1744925371 :TimeStamp
FlagFileMetaData End
BEGIN_ERR 
26 Small mesh segment detected on body : Box2
 Small mesh segment detected on body : Box2 
 Segment Statistics - Number of Segments : 1 --- Segment length(s) : 0.005385mm. The cutoff frequency for S-Matrix Only Solve is 14.9896229MHz 
1 -1  # nfids, fids[]
1 34  # nbids, bids[]
      7 0 1 0 #ntets ntri ned npts
           0.0000000000000000e+00  -7.0625000000000004e-01   1.7499999999999998e-02 #xyz tv0
          -7.0625000000000004e-01  -5.1095939674604185e-02   1.7499999999999998e-02 #xyz tv1
          -1.7080223912241295e-17  -1.7080210645220425e-17   1.2115365893412857e-02 #xyz tv2
           0.0000000000000000e+00   0.0000000000000000e+00   1.7499999999999998e-02 -1 34 #xyz tv3 fid bid
          -7.0625000000000004e-01  -5.1095939674604185e-02   1.7499999999999998e-02 #xyz tv0
          -7.0625000000000004e-01   7.0625000000000004e-01   1.7499999999999998e-02 #xyz tv1
          -1.7080223912241295e-17  -1.7080210645220425e-17   1.2115365893412857e-02 #xyz tv2
           0.0000000000000000e+00   0.0000000000000000e+00   1.7499999999999998e-02 -1 34 #xyz tv3 fid bid
           0.0000000000000000e+00  -7.0625000000000004e-01   1.7499999999999998e-02 #xyz tv0
          -1.7080223912241295e-17  -1.7080210645220425e-17   1.2115365893412857e-02 #xyz tv1
           7.0625000000000004e-01  -7.0625000000000004e-01   1.7499999999999998e-02 #xyz tv2
           0.0000000000000000e+00   0.0000000000000000e+00   1.7499999999999998e-02 -1 34 #xyz tv3 fid bid
           1.0667317708333330e-02   7.8472222222222232e-01   1.7499999999999998e-02 #xyz tv0
          -1.7080223912241295e-17  -1.7080210645220425e-17   1.2115365893412857e-02 #xyz tv1
          -7.0625000000000004e-01   7.0625000000000004e-01   1.7499999999999998e-02 #xyz tv2
           0.0000000000000000e+00   0.0000000000000000e+00   1.7499999999999998e-02 -1 34 #xyz tv3 fid bid
           7.0625000000000004e-01   0.0000000000000000e+00   1.7499999999999998e-02 #xyz tv0
           7.0625000000000004e-01  -7.0625000000000004e-01   1.7499999999999998e-02 #xyz tv1
          -1.7080223912241295e-17  -1.7080210645220425e-17   1.2115365893412857e-02 #xyz tv2
           0.0000000000000000e+00   0.0000000000000000e+00   1.7499999999999998e-02 -1 34 #xyz tv3 fid bid
           1.0667317708333330e-02   7.8472222222222232e-01   1.7499999999999998e-02 #xyz tv0
           7.0625000000000004e-01   7.0625000000000004e-01   1.7499999999999998e-02 #xyz tv1
          -1.7080223912241295e-17  -1.7080210645220425e-17   1.2115365893412857e-02 #xyz tv2
           0.0000000000000000e+00   0.0000000000000000e+00   1.7499999999999998e-02 -1 34 #xyz tv3 fid bid
           7.0625000000000004e-01   0.0000000000000000e+00   1.7499999999999998e-02 #xyz tv0
          -1.7080223912241295e-17  -1.7080210645220425e-17   1.2115365893412857e-02 #xyz tv1
           7.0625000000000004e-01   7.0625000000000004e-01   1.7499999999999998e-02 #xyz tv2
           0.0000000000000000e+00   0.0000000000000000e+00   1.7499999999999998e-02 -1 34 #xyz tv3 fid bid
          -1.7080223912241295e-17  -1.7080210645220425e-17   1.2115365893412857e-02 #xyz ev0
           0.0000000000000000e+00   0.0000000000000000e+00   1.7499999999999998e-02 -1 34 #xyz ev1 fid bid
   0   0.000000000000e+00   0.000000000000e+00   0.000000000000e+00 #flag location
END_ERR 
G3dErrFileVersion 2018P3.1
FlagFileMetaData Begin
   Mesh Size - Setup1, Refinement, Pass #7, Freq. 1.000000e+10 :Title    
   Listing of mesh elements with small segments. :ToolTip  
   hf3d :Author   
   1744925372 :TimeStamp
FlagFileMetaData End
BEGIN_ERR 
26 Small mesh segment detected on body : Box2
 Small mesh segment detected on body : Box2 
 Segment Statistics - Number of Segments : 1 --- Segment length(s) : 0.005385mm. The cutoff frequency for S-Matrix Only Solve is 14.9896229MHz 
1 -1  # nfids, fids[]
1 34  # nbids, bids[]
      7 0 1 0 #ntets ntri ned npts
          -3.5164342809606486e-01   3.5692726146494702e-01   1.7499999999999998e-02 #xyz tv0
          -1.7080223912241295e-17  -1.7080210645220425e-17   1.2115365893412857e-02 #xyz tv1
          -7.0625000000000004e-01  -5.1095939674604185e-02   1.7499999999999998e-02 #xyz tv2
           0.0000000000000000e+00   0.0000000000000000e+00   1.7499999999999998e-02 -1 34 #xyz tv3 fid bid
          -3.5164342809606486e-01   3.5692726146494702e-01   1.7499999999999998e-02 #xyz tv0
           1.0667317708333330e-02   7.8472222222222232e-01   1.7499999999999998e-02 #xyz tv1
          -1.7080223912241295e-17  -1.7080210645220425e-17   1.2115365893412857e-02 #xyz tv2
           0.0000000000000000e+00   0.0000000000000000e+00   1.7499999999999998e-02 -1 34 #xyz tv3 fid bid
           0.0000000000000000e+00  -7.0625000000000004e-01   1.7499999999999998e-02 #xyz tv0
          -7.0625000000000004e-01  -5.1095939674604185e-02   1.7499999999999998e-02 #xyz tv1
          -1.7080223912241295e-17  -1.7080210645220425e-17   1.2115365893412857e-02 #xyz tv2
           0.0000000000000000e+00   0.0000000000000000e+00   1.7499999999999998e-02 -1 34 #xyz tv3 fid bid
           1.0667317708333330e-02   7.8472222222222232e-01   1.7499999999999998e-02 #xyz tv0
           7.0625000000000004e-01   7.0625000000000004e-01   1.7499999999999998e-02 #xyz tv1
          -1.7080223912241295e-17  -1.7080210645220425e-17   1.2115365893412857e-02 #xyz tv2
           0.0000000000000000e+00   0.0000000000000000e+00   1.7499999999999998e-02 -1 34 #xyz tv3 fid bid
           7.0625000000000004e-01   0.0000000000000000e+00   1.7499999999999998e-02 #xyz tv0
          -1.7080223912241295e-17  -1.7080210645220425e-17   1.2115365893412857e-02 #xyz tv1
           7.0625000000000004e-01   7.0625000000000004e-01   1.7499999999999998e-02 #xyz tv2
           0.0000000000000000e+00   0.0000000000000000e+00   1.7499999999999998e-02 -1 34 #xyz tv3 fid bid
           0.0000000000000000e+00  -7.0625000000000004e-01   1.7499999999999998e-02 #xyz tv0
          -1.7080223912241295e-17  -1.7080210645220425e-17   1.2115365893412857e-02 #xyz tv1
           7.0625000000000004e-01  -7.0625000000000004e-01   1.7499999999999998e-02 #xyz tv2
           0.0000000000000000e+00   0.0000000000000000e+00   1.7499999999999998e-02 -1 34 #xyz tv3 fid bid
           7.0625000000000004e-01   0.0000000000000000e+00   1.7499999999999998e-02 #xyz tv0
           7.0625000000000004e-01  -7.0625000000000004e-01   1.7499999999999998e-02 #xyz tv1
          -1.7080223912241295e-17  -1.7080210645220425e-17   1.2115365893412857e-02 #xyz tv2
           0.0000000000000000e+00   0.0000000000000000e+00   1.7499999999999998e-02 -1 34 #xyz tv3 fid bid
          -1.7080223912241295e-17  -1.7080210645220425e-17   1.2115365893412857e-02 #xyz ev0
           0.0000000000000000e+00   0.0000000000000000e+00   1.7499999999999998e-02 -1 34 #xyz ev1 fid bid
   0   0.000000000000e+00   0.000000000000e+00   0.000000000000e+00 #flag location
END_ERR 
G3dErrFileVersion 2018P3.1
FlagFileMetaData Begin
   Mesh Size - Setup1, Refinement, Pass #8, Freq. 1.000000e+10 :Title    
   Listing of mesh elements with small segments. :ToolTip  
   hf3d :Author   
   1744925374 :TimeStamp
FlagFileMetaData End
BEGIN_ERR 
26 Small mesh segment detected on body : Box2
 Small mesh segment detected on body : Box2 
 Segment Statistics - Number of Segments : 1 --- Segment length(s) : 0.005385mm. The cutoff frequency for S-Matrix Only Solve is 14.9896229MHz 
1 -1  # nfids, fids[]
1 34  # nbids, bids[]
      7 0 1 0 #ntets ntri ned npts
           3.5312500000000002e-01  -3.5312500000000002e-01   1.7499999999999998e-02 #xyz tv0
           0.0000000000000000e+00  -7.0625000000000004e-01   1.7499999999999998e-02 #xyz tv1
          -1.7080223912241295e-17  -1.7080210645220425e-17   1.2115365893412857e-02 #xyz tv2
           0.0000000000000000e+00   0.0000000000000000e+00   1.7499999999999998e-02 -1 34 #xyz tv3 fid bid
           0.0000000000000000e+00  -7.0625000000000004e-01   1.7499999999999998e-02 #xyz tv0
          -7.0625000000000004e-01  -5.1095939674604185e-02   1.7499999999999998e-02 #xyz tv1
          -1.7080223912241295e-17  -1.7080210645220425e-17   1.2115365893412857e-02 #xyz tv2
           0.0000000000000000e+00   0.0000000000000000e+00   1.7499999999999998e-02 -1 34 #xyz tv3 fid bid
           3.5312500000000002e-01  -3.5312500000000002e-01   1.7499999999999998e-02 #xyz tv0
          -1.7080223912241295e-17  -1.7080210645220425e-17   1.2115365893412857e-02 #xyz tv1
           7.0625000000000004e-01   0.0000000000000000e+00   1.7499999999999998e-02 #xyz tv2
           0.0000000000000000e+00   0.0000000000000000e+00   1.7499999999999998e-02 -1 34 #xyz tv3 fid bid
          -3.5124834225501550e-01   3.5794119785559952e-01   1.7499999999999998e-02 #xyz tv0
          -1.7080223912241295e-17  -1.7080210645220425e-17   1.2115365893412857e-02 #xyz tv1
          -7.0625000000000004e-01  -5.1095939674604185e-02   1.7499999999999998e-02 #xyz tv2
           0.0000000000000000e+00   0.0000000000000000e+00   1.7499999999999998e-02 -1 34 #xyz tv3 fid bid
           7.0625000000000004e-01   0.0000000000000000e+00   1.7499999999999998e-02 #xyz tv0
          -1.7080223912241295e-17  -1.7080210645220425e-17   1.2115365893412857e-02 #xyz tv1
           7.0625000000000004e-01   7.0625000000000004e-01   1.7499999999999998e-02 #xyz tv2
           0.0000000000000000e+00   0.0000000000000000e+00   1.7499999999999998e-02 -1 34 #xyz tv3 fid bid
          -3.5124834225501550e-01   3.5794119785559952e-01   1.7499999999999998e-02 #xyz tv0
           1.6220184870381071e-02   7.7845043691790372e-01   1.7499999999999998e-02 #xyz tv1
          -1.7080223912241295e-17  -1.7080210645220425e-17   1.2115365893412857e-02 #xyz tv2
           0.0000000000000000e+00   0.0000000000000000e+00   1.7499999999999998e-02 -1 34 #xyz tv3 fid bid
           1.6220184870381071e-02   7.7845043691790372e-01   1.7499999999999998e-02 #xyz tv0
           7.0625000000000004e-01   7.0625000000000004e-01   1.7499999999999998e-02 #xyz tv1
          -1.7080223912241295e-17  -1.7080210645220425e-17   1.2115365893412857e-02 #xyz tv2
           0.0000000000000000e+00   0.0000000000000000e+00   1.7499999999999998e-02 -1 34 #xyz tv3 fid bid
           0.0000000000000000e+00   0.0000000000000000e+00   1.7499999999999998e-02 #xyz ev0
          -1.7080223912241295e-17  -1.7080210645220425e-17   1.2115365893412857e-02 -1 34 #xyz ev1 fid bid
   0   0.000000000000e+00   0.000000000000e+00   0.000000000000e+00 #flag location
END_ERR 
G3dErrFileVersion 2018P3.1
FlagFileMetaData Begin
   Mesh Size - Setup1, Refinement, Pass #9, Freq. 1.000000e+10 :Title    
   Listing of mesh elements with small segments. :ToolTip  
   hf3d :Author   
   1744925376 :TimeStamp
FlagFileMetaData End
BEGIN_ERR 
26 Small mesh segment detected on body : Box2
 Small mesh segment detected on body : Box2 
 Segment Statistics - Number of Segments : 1 --- Segment length(s) : 0.005385mm. The cutoff frequency for S-Matrix Only Solve is 14.9896229MHz 
1 -1  # nfids, fids[]
1 34  # nbids, bids[]
      7 0 1 0 #ntets ntri ned npts
           3.5312500000000002e-01  -3.5312500000000002e-01   1.7499999999999998e-02 #xyz tv0
           0.0000000000000000e+00  -7.0625000000000004e-01   1.7499999999999998e-02 #xyz tv1
          -1.7080223912241295e-17  -1.7080210645220425e-17   1.2115365893412857e-02 #xyz tv2
           0.0000000000000000e+00   0.0000000000000000e+00   1.7499999999999998e-02 -1 34 #xyz tv3 fid bid
           0.0000000000000000e+00  -7.0625000000000004e-01   1.7499999999999998e-02 #xyz tv0
          -7.0625000000000004e-01  -5.1095939674604185e-02   1.7499999999999998e-02 #xyz tv1
          -1.7080223912241295e-17  -1.7080210645220425e-17   1.2115365893412857e-02 #xyz tv2
           0.0000000000000000e+00   0.0000000000000000e+00   1.7499999999999998e-02 -1 34 #xyz tv3 fid bid
           3.5312500000000002e-01  -3.5312500000000002e-01   1.7499999999999998e-02 #xyz tv0
          -1.7080223912241295e-17  -1.7080210645220425e-17   1.2115365893412857e-02 #xyz tv1
           7.0625000000000004e-01   0.0000000000000000e+00   1.7499999999999998e-02 #xyz tv2
           0.0000000000000000e+00   0.0000000000000000e+00   1.7499999999999998e-02 -1 34 #xyz tv3 fid bid
          -3.5124834225501556e-01   3.5794119785559952e-01   1.7499999999999998e-02 #xyz tv0
          -1.7080223912241295e-17  -1.7080210645220425e-17   1.2115365893412857e-02 #xyz tv1
          -7.0625000000000004e-01  -5.1095939674604185e-02   1.7499999999999998e-02 #xyz tv2
           0.0000000000000000e+00   0.0000000000000000e+00   1.7499999999999998e-02 -1 34 #xyz tv3 fid bid
           7.0625000000000004e-01   0.0000000000000000e+00   1.7499999999999998e-02 #xyz tv0
          -1.7080223912241295e-17  -1.7080210645220425e-17   1.2115365893412857e-02 #xyz tv1
           7.0625000000000004e-01   7.0625000000000004e-01   1.7499999999999998e-02 #xyz tv2
           0.0000000000000000e+00   0.0000000000000000e+00   1.7499999999999998e-02 -1 34 #xyz tv3 fid bid
          -3.5124834225501556e-01   3.5794119785559952e-01   1.7499999999999998e-02 #xyz tv0
           1.6220184870381071e-02   7.7845043691790372e-01   1.7499999999999998e-02 #xyz tv1
          -1.7080223912241295e-17  -1.7080210645220425e-17   1.2115365893412857e-02 #xyz tv2
           0.0000000000000000e+00   0.0000000000000000e+00   1.7499999999999998e-02 -1 34 #xyz tv3 fid bid
           1.6220184870381071e-02   7.7845043691790372e-01   1.7499999999999998e-02 #xyz tv0
           7.0625000000000004e-01   7.0625000000000004e-01   1.7499999999999998e-02 #xyz tv1
          -1.7080223912241295e-17  -1.7080210645220425e-17   1.2115365893412857e-02 #xyz tv2
           0.0000000000000000e+00   0.0000000000000000e+00   1.7499999999999998e-02 -1 34 #xyz tv3 fid bid
           0.0000000000000000e+00   0.0000000000000000e+00   1.7499999999999998e-02 #xyz ev0
          -1.7080223912241295e-17  -1.7080210645220425e-17   1.2115365893412857e-02 -1 34 #xyz ev1 fid bid
   0   0.000000000000e+00   0.000000000000e+00   0.000000000000e+00 #flag location
END_ERR 
G3dErrFileVersion 2018P3.1
FlagFileMetaData Begin
   Mesh Size - Setup1, Refinement, Pass #10, Freq. 1.000000e+10 :Title    
   Listing of mesh elements with small segments. :ToolTip  
   hf3d :Author   
   1744925378 :TimeStamp
FlagFileMetaData End
BEGIN_ERR 
26 Small mesh segment detected on body : Box2
 Small mesh segment detected on body : Box2 
 Segment Statistics - Number of Segments : 1 --- Segment length(s) : 0.005385mm. The cutoff frequency for S-Matrix Only Solve is 14.9896229MHz 
1 -1  # nfids, fids[]
1 34  # nbids, bids[]
      7 0 1 0 #ntets ntri ned npts
           3.5312500000000002e-01  -3.5312500000000002e-01   1.7499999999999998e-02 #xyz tv0
           0.0000000000000000e+00  -7.0625000000000004e-01   1.7499999999999998e-02 #xyz tv1
          -1.7080223912241295e-17  -1.7080210645220425e-17   1.2115365893412857e-02 #xyz tv2
           0.0000000000000000e+00   0.0000000000000000e+00   1.7499999999999998e-02 -1 34 #xyz tv3 fid bid
           0.0000000000000000e+00  -7.0625000000000004e-01   1.7499999999999998e-02 #xyz tv0
          -7.0625000000000004e-01  -5.1095939674604185e-02   1.7499999999999998e-02 #xyz tv1
          -1.7080223912241295e-17  -1.7080210645220425e-17   1.2115365893412857e-02 #xyz tv2
           0.0000000000000000e+00   0.0000000000000000e+00   1.7499999999999998e-02 -1 34 #xyz tv3 fid bid
           3.5312500000000002e-01  -3.5312500000000002e-01   1.7499999999999998e-02 #xyz tv0
          -1.7080223912241295e-17  -1.7080210645220425e-17   1.2115365893412857e-02 #xyz tv1
           7.0625000000000004e-01   0.0000000000000000e+00   1.7499999999999998e-02 #xyz tv2
           0.0000000000000000e+00   0.0000000000000000e+00   1.7499999999999998e-02 -1 34 #xyz tv3 fid bid
          -3.9504514144713743e-01   3.9379734706015246e-01   1.7499999999999998e-02 #xyz tv0
          -1.7080223912241295e-17  -1.7080210645220425e-17   1.2115365893412857e-02 #xyz tv1
          -7.0625000000000004e-01  -5.1095939674604185e-02   1.7499999999999998e-02 #xyz tv2
           0.0000000000000000e+00   0.0000000000000000e+00   1.7499999999999998e-02 -1 34 #xyz tv3 fid bid
           7.0625000000000004e-01   0.0000000000000000e+00   1.7499999999999998e-02 #xyz tv0
          -1.7080223912241295e-17  -1.7080210645220425e-17   1.2115365893412857e-02 #xyz tv1
           7.0625000000000004e-01   7.0625000000000004e-01   1.7499999999999998e-02 #xyz tv2
           0.0000000000000000e+00   0.0000000000000000e+00   1.7499999999999998e-02 -1 34 #xyz tv3 fid bid
          -3.9504514144713743e-01   3.9379734706015246e-01   1.7499999999999998e-02 #xyz tv0
           1.6220184870381071e-02   7.7845043691790372e-01   1.7499999999999998e-02 #xyz tv1
          -1.7080223912241295e-17  -1.7080210645220425e-17   1.2115365893412857e-02 #xyz tv2
           0.0000000000000000e+00   0.0000000000000000e+00   1.7499999999999998e-02 -1 34 #xyz tv3 fid bid
           1.6220184870381071e-02   7.7845043691790372e-01   1.7499999999999998e-02 #xyz tv0
           7.0625000000000004e-01   7.0625000000000004e-01   1.7499999999999998e-02 #xyz tv1
          -1.7080223912241295e-17  -1.7080210645220425e-17   1.2115365893412857e-02 #xyz tv2
           0.0000000000000000e+00   0.0000000000000000e+00   1.7499999999999998e-02 -1 34 #xyz tv3 fid bid
           0.0000000000000000e+00   0.0000000000000000e+00   1.7499999999999998e-02 #xyz ev0
          -1.7080223912241295e-17  -1.7080210645220425e-17   1.2115365893412857e-02 -1 34 #xyz ev1 fid bid
   0   0.000000000000e+00   0.000000000000e+00   0.000000000000e+00 #flag location
END_ERR 
G3dErrFileVersion 2018P3.1
FlagFileMetaData Begin
   Mesh Size - Setup1, Refinement, Pass #11, Freq. 1.000000e+10 :Title    
   Listing of mesh elements with small segments. :ToolTip  
   hf3d :Author   
   1744925380 :TimeStamp
FlagFileMetaData End
BEGIN_ERR 
26 Small mesh segment detected on body : Box2
 Small mesh segment detected on body : Box2 
 Segment Statistics - Number of Segments : 1 --- Segment length(s) : 0.005385mm. The cutoff frequency for S-Matrix Only Solve is 14.9896229MHz 
1 -1  # nfids, fids[]
1 34  # nbids, bids[]
      8 0 1 0 #ntets ntri ned npts
          -3.5312500000000002e-01  -3.7867296983730214e-01   1.7499999999999998e-02 #xyz tv0
           0.0000000000000000e+00   0.0000000000000000e+00   1.7499999999999998e-02 #xyz tv1
          -1.7080223912241295e-17  -1.7080210645220425e-17   1.2115365893412857e-02 #xyz tv2
           0.0000000000000000e+00  -7.0625000000000004e-01   1.7499999999999998e-02 -1 34 #xyz tv3 fid bid
          -3.5312500000000002e-01  -3.7867296983730214e-01   1.7499999999999998e-02 #xyz tv0
          -1.7080223912241295e-17  -1.7080210645220425e-17   1.2115365893412857e-02 #xyz tv1
           0.0000000000000000e+00   0.0000000000000000e+00   1.7499999999999998e-02 #xyz tv2
          -7.0625000000000004e-01  -5.1095939674604185e-02   1.7499999999999998e-02 -1 34 #xyz tv3 fid bid
           3.5312500000000002e-01  -3.5312500000000002e-01   1.7499999999999998e-02 #xyz tv0
           0.0000000000000000e+00  -7.0625000000000004e-01   1.7499999999999998e-02 #xyz tv1
          -1.7080223912241295e-17  -1.7080210645220425e-17   1.2115365893412857e-02 #xyz tv2
           0.0000000000000000e+00   0.0000000000000000e+00   1.7499999999999998e-02 -1 34 #xyz tv3 fid bid
          -3.9504514144713743e-01   3.9379734706015246e-01   1.7499999999999998e-02 #xyz tv0
          -1.7080223912241295e-17  -1.7080210645220425e-17   1.2115365893412857e-02 #xyz tv1
          -7.0625000000000004e-01  -5.1095939674604185e-02   1.7499999999999998e-02 #xyz tv2
           0.0000000000000000e+00   0.0000000000000000e+00   1.7499999999999998e-02 -1 34 #xyz tv3 fid bid
           3.5312500000000002e-01  -3.5312500000000002e-01   1.7499999999999998e-02 #xyz tv0
          -1.7080223912241295e-17  -1.7080210645220425e-17   1.2115365893412857e-02 #xyz tv1
           7.0625000000000004e-01   0.0000000000000000e+00   1.7499999999999998e-02 #xyz tv2
           0.0000000000000000e+00   0.0000000000000000e+00   1.7499999999999998e-02 -1 34 #xyz tv3 fid bid
          -3.9504514144713743e-01   3.9379734706015246e-01   1.7499999999999998e-02 #xyz tv0
           1.6220184870381071e-02   7.7845043691790372e-01   1.7499999999999998e-02 #xyz tv1
